[48;5;16;38;5;16m▄▄▄▄▄▄▄▄▄▄▄▄▄▄▄▄▄▄▄▄▄▄[38;5;244m▄[38;5;16m▄[38;5;242m▄[38;5;234m▄[38;5;235m▄▄▄[48;5;240m▄[48;5;16m▄[48;5;251m▄[48;5;245;38;5;234m▄[48;5;236;38;5;239m▄[48;5;238;38;5;70m▄[48;5;16;38;5;16m▄▄▄▄▄[0m
[48;5;16;38;5;16m▄▄▄▄▄▄▄▄▄▄▄▄▄▄▄[38;5;243m▄[38;5;237m▄▄▄[48;5;234;38;5;236m▄[48;5;236m▄▄▄[48;5;235;38;5;235m▄▄▄▄▄▄▄[38;5;238m▄[38;5;106m▄[48;5;106m▄▄[38;5;70m▄[38;5;106m▄▄[48;5;70;38;5;107m▄[48;5;16;38;5;226m▄[38;5;16m▄[0m
[48;5;16;38;5;16m▄▄▄▄▄▄▄▄▄[38;5;231m▄[38;5;243m▄[38;5;239m▄▄[48;5;238;38;5;238m▄▄[38;5;237m▄[48;5;237;38;5;242m▄[38;5;209m▄[38;5;237m▄[48;5;236;38;5;236m▄▄▄▄[48;5;235;38;5;235m▄▄▄▄[38;5;236m▄[38;5;70m▄[48;5;242;38;5;106m▄[48;5;106;38;5;151m▄[38;5;231m▄[48;5;107;38;5;106m▄[48;5;151m▄[48;5;106m▄▄▄[48;5;70;38;5;70m▄[48;5;16;38;5;16m▄▄[0m
[48;5;16;38;5;16m▄▄▄▄▄▄[38;5;242m▄[48;5;244m▄[48;5;59;38;5;59m▄[48;5;240;38;5;209m▄▄[48;5;239;38;5;239m▄[48;5;237m▄[48;5;209;38;5;238m▄▄[48;5;23m▄[48;5;237;38;5;237m▄▄▄[48;5;236;38;5;236m▄▄▄▄[48;5;235;38;5;235m▄▄▄[48;5;238m▄[48;5;106;38;5;16m▄[48;5;70;38;5;227m▄[48;5;16;38;5;106m▄[48;5;70m▄[48;5;106m▄▄▄▄▄[38;5;231m▄[48;5;254;38;5;16m▄[48;5;16m▄▄[0m
[48;5;16;38;5;16m▄▄[38;5;244m▄[38;5;209m▄[48;5;243;38;5;95m▄[38;5;243m▄[48;5;209;38;5;242m▄▄[48;5;241;38;5;59m▄[48;5;240;38;5;240m▄▄[48;5;239;38;5;239m▄▄[48;5;238;38;5;238m▄▄▄[48;5;237;38;5;237m▄▄▄[48;5;236;38;5;236m▄▄[38;5;235m▄[38;5;239m▄[48;5;238;38;5;235m▄[48;5;235m▄▄▄▄[48;5;234;38;5;234m▄[48;5;106;38;5;235m▄[38;5;106m▄▄▄▄[38;5;70m▄[48;5;70;38;5;16m▄[48;5;16m▄▄▄▄[0m
[48;5;16;38;5;16m▄[48;5;138;38;5;209m▄[48;5;244;38;5;16m▄▄▄[48;5;245m▄[48;5;246m▄[48;5;248m▄▄[48;5;145m▄[48;5;249m▄[38;5;237m▄[48;5;145m▄[48;5;248m▄▄[48;5;247m▄[48;5;102m▄[48;5;243m▄[48;5;240;38;5;236m▄[48;5;237m▄[48;5;233m▄[48;5;235m▄[38;5;235m▄▄▄▄▄▄[48;5;234;38;5;240m▄[48;5;242;38;5;16m▄[48;5;106m▄[38;5;244m▄[48;5;107;38;5;70m▄[48;5;150;38;5;16m▄[48;5;16m▄▄▄▄▄▄[0m
[48;5;16;38;5;16m▄[48;5;209;38;5;209m▄[48;5;16;38;5;16m▄▄▄▄▄▄▄▄▄[48;5;238;38;5;238m▄▄▄[48;5;237m▄[38;5;59m▄[38;5;240m▄[38;5;239m▄[38;5;238m▄[48;5;236;38;5;237m▄▄[38;5;236m▄[48;5;235m▄[38;5;235m▄▄▄[38;5;239m▄[48;5;238;38;5;209m▄[48;5;244m▄[48;5;181;38;5;231m▄[48;5;209;38;5;209m▄▄[48;5;195m▄[48;5;16m▄[38;5;250m▄[38;5;16m▄▄▄▄▄[0m
[48;5;16;38;5;16m▄[48;5;209;38;5;209m▄[48;5;16;38;5;16m▄▄▄▄▄▄▄▄▄[48;5;239;38;5;102m▄[48;5;238;38;5;244m▄[48;5;243;38;5;243m▄[48;5;242;38;5;242m▄[48;5;59;38;5;59m▄[48;5;240;38;5;240m▄[48;5;239;38;5;239m▄[48;5;238;38;5;238m▄[48;5;237;38;5;237m▄▄[48;5;236;38;5;236m▄▄[48;5;235;38;5;59m▄[38;5;209m▄[48;5;239m▄[48;5;209m▄▄[38;5;231m▄[48;5;16;38;5;16m▄[48;5;196m▄[48;5;209;38;5;231m▄[38;5;209m▄▄▄[48;5;16m▄[38;5;16m▄▄▄▄[0m
[48;5;16;38;5;16m▄[48;5;209;38;5;209m▄[48;5;16;38;5;16m▄▄▄▄▄▄▄▄[48;5;231m▄[48;5;59m▄▄[48;5;243;38;5;209m▄[48;5;242;38;5;16m▄[48;5;59m▄[48;5;240;38;5;248m▄[48;5;239;38;5;209m▄[48;5;238m▄[48;5;237m▄▄[48;5;240m▄[48;5;16;38;5;16m▄[48;5;196m▄[48;5;16m▄▄[48;5;231;38;5;196m▄[48;5;16;38;5;209m▄▄[48;5;195m▄[48;5;196m▄[48;5;16m▄[38;5;231m▄[48;5;209;38;5;16m▄[38;5;181m▄[38;5;209m▄[48;5;16;38;5;16m▄▄▄▄[0m
[48;5;16;38;5;16m▄[48;5;209;38;5;209m▄[48;5;16;38;5;16m▄▄▄▄▄▄▄▄▄[38;5;231m▄[38;5;209m▄[38;5;16m▄▄[38;5;209m▄[48;5;209m▄▄▄▄▄▄▄[48;5;231;38;5;181m▄[48;5;16;38;5;16m▄▄[48;5;209;38;5;209m▄▄▄▄▄▄▄[48;5;16m▄[38;5;16m▄[38;5;231m▄[38;5;209m▄[38;5;217m▄[38;5;16m▄▄[0m
[48;5;231;38;5;196m▄[48;5;209;38;5;209m▄[48;5;208;38;5;16m▄[48;5;16m▄▄▄▄▄▄▄[38;5;209m▄[48;5;209m▄▄[48;5;217;38;5;16m▄[48;5;16;38;5;231m▄[48;5;209;38;5;209m▄▄▄▄▄▄▄▄▄[48;5;16;38;5;16m▄▄[48;5;209;38;5;209m▄▄▄▄▄▄▄▄[48;5;16;38;5;16m▄[38;5;181m▄[48;5;209;38;5;209m▄▄[48;5;16m▄[38;5;16m▄[0m
[48;5;208;38;5;16m▄[48;5;209;38;5;209m▄▄[48;5;16;38;5;16m▄▄▄▄▄▄[38;5;131m▄[48;5;209;38;5;209m▄▄▄[48;5;16;38;5;217m▄[48;5;217;38;5;16m▄[48;5;209;38;5;209m▄▄▄▄▄▄▄▄[48;5;231;38;5;16m▄[48;5;16m▄▄[48;5;209;38;5;181m▄[38;5;209m▄▄▄▄▄▄▄[48;5;16;38;5;231m▄[38;5;138m▄[48;5;209;38;5;209m▄▄▄[48;5;16;38;5;231m▄[0m
[48;5;16;38;5;16m▄[48;5;209;38;5;209m▄▄[48;5;16;38;5;16m▄▄▄▄▄▄[48;5;244m▄[48;5;209;38;5;209m▄▄▄[48;5;16;38;5;16m▄▄[48;5;209m▄[38;5;174m▄[38;5;209m▄▄▄▄[38;5;88m▄[48;5;16;38;5;16m▄[38;5;181m▄[38;5;209m▄▄[38;5;16m▄[48;5;209m▄[38;5;159m▄[38;5;209m▄▄▄▄[38;5;16m▄[48;5;16m▄▄[48;5;209;38;5;209m▄▄▄[48;5;16;38;5;16m▄[0m
[48;5;16;38;5;16m▄[48;5;189m▄[48;5;209;38;5;209m▄[48;5;16;38;5;16m▄▄▄▄▄▄▄[48;5;195m▄[48;5;209m▄[48;5;195m▄[48;5;16m▄▄▄▄▄[48;5;143m▄[48;5;51m▄[48;5;16m▄[48;5;189;38;5;209m▄[48;5;209m▄▄▄▄▄▄[48;5;16m▄[38;5;16m▄▄▄▄[38;5;188m▄[38;5;209m▄▄[48;5;202;38;5;254m▄[48;5;209;38;5;124m▄[48;5;217;38;5;16m▄[48;5;16m▄[0m
[48;5;16;38;5;16m▄▄[48;5;209m▄[48;5;16m▄▄▄▄▄▄▄▄▄[48;5;159;38;5;209m▄[48;5;209m▄▄▄[48;5;16m▄[38;5;16m▄▄▄[48;5;209;38;5;209m▄▄▄▄▄▄▄▄▄[48;5;196;38;5;146m▄[48;5;16;38;5;16m▄[38;5;209m▄[48;5;216m▄[48;5;209m▄▄▄▄[48;5;16;38;5;16m▄▄▄[0m
[48;5;16;38;5;16m▄▄▄▄▄▄▄▄▄▄▄▄[48;5;209;38;5;189m▄[38;5;209m▄▄▄▄▄[48;5;231m▄[48;5;16;38;5;16m▄[48;5;209;38;5;182m▄[38;5;209m▄▄▄▄▄▄▄▄[48;5;16;38;5;16m▄[38;5;209m▄[48;5;209m▄▄▄▄▄▄[48;5;16;38;5;16m▄▄▄[0m
[48;5;16;38;5;16m▄▄▄▄▄▄▄▄▄▄▄▄▄[48;5;209;38;5;217m▄[38;5;209m▄▄▄▄▄[48;5;16;38;5;124m▄[38;5;16m▄[48;5;209m▄[38;5;174m▄[38;5;209m▄▄▄▄[38;5;16m▄[48;5;16m▄[38;5;210m▄[48;5;209;38;5;209m▄▄▄▄▄▄[48;5;252;38;5;16m▄[48;5;16m▄▄▄[0m
[48;5;16;38;5;16m▄▄▄▄▄▄▄▄▄▄▄▄▄▄[48;5;253m▄[48;5;209m▄▄[38;5;181m▄[38;5;16m▄[48;5;16m▄▄▄[38;5;51m▄[38;5;209m▄▄▄[38;5;181m▄[38;5;16m▄▄▄[48;5;209m▄[38;5;217m▄[38;5;231m▄▄[38;5;16m▄[48;5;16m▄▄▄▄▄[0m
[48;5;16;38;5;16m▄▄▄▄▄▄▄▄▄▄▄▄▄▄▄▄▄▄▄▄[48;5;87;38;5;209m▄[48;5;209m▄▄▄▄▄▄▄▄[48;5;16;38;5;16m▄▄▄▄▄▄▄▄▄▄▄[0m
[48;5;16;38;5;16m▄▄▄▄▄▄▄▄▄▄▄▄▄▄▄▄▄▄▄▄▄[48;5;209m▄▄[38;5;209m▄▄▄[38;5;16m▄▄[48;5;231m▄[48;5;16m▄▄▄▄▄▄▄▄▄▄▄[0m
