[48;5;16;38;5;16m▄▄▄▄▄▄▄▄▄▄▄▄▄▄▄▄▄▄▄▄▄▄▄▄[38;5;240m▄[38;5;235m▄▄▄▄▄▄[48;5;247;38;5;234m▄[48;5;237;38;5;238m▄[48;5;234;38;5;70m▄[48;5;16;38;5;16m▄▄▄▄▄[0m
[48;5;16;38;5;16m▄▄▄▄▄▄▄▄▄▄▄▄▄▄▄[38;5;239m▄[38;5;237m▄▄[38;5;236m▄[48;5;236m▄▄▄▄[48;5;235;38;5;235m▄▄▄▄▄▄[38;5;237m▄[38;5;106m▄[48;5;107m▄[48;5;106m▄[38;5;70m▄[38;5;106m▄▄[38;5;107m▄[48;5;16;38;5;16m▄▄[0m
[48;5;16;38;5;16m▄▄▄▄▄▄▄▄▄▄[38;5;240m▄[38;5;239m▄[48;5;242m▄[48;5;238;38;5;238m▄▄[48;5;237;38;5;237m▄[38;5;242m▄[38;5;237m▄[48;5;236;38;5;236m▄▄▄▄▄[48;5;235;38;5;235m▄▄▄▄[38;5;70m▄[48;5;238;38;5;106m▄[48;5;106;38;5;150m▄[38;5;16m▄[48;5;150;38;5;106m▄[48;5;144m▄[48;5;106m▄▄▄[48;5;107;38;5;107m▄[48;5;16;38;5;16m▄▄[0m
[48;5;16;38;5;16m▄▄▄▄▄▄[38;5;242m▄▄[48;5;240;38;5;95m▄[38;5;209m▄[38;5;240m▄[48;5;239;38;5;239m▄[48;5;209m▄[38;5;238m▄[48;5;237m▄[38;5;237m▄▄▄[48;5;236;38;5;236m▄▄▄▄▄[48;5;235;38;5;235m▄[38;5;238m▄[48;5;239;38;5;235m▄[48;5;106m▄[48;5;70;38;5;16m▄[48;5;16;38;5;106m▄[48;5;70m▄[48;5;106m▄▄▄▄▄[38;5;16m▄[48;5;187m▄[48;5;16m▄▄[0m
[48;5;16;38;5;16m▄▄[38;5;102m▄[38;5;209m▄[48;5;243;38;5;243m▄[48;5;209m▄[38;5;242m▄[48;5;242m▄[48;5;240;38;5;240m▄▄▄[48;5;239;38;5;239m▄▄[48;5;238;38;5;238m▄▄[48;5;237;38;5;237m▄▄▄[48;5;236;38;5;236m▄▄▄[38;5;239m▄[48;5;235;38;5;235m▄▄▄▄▄[48;5;234;38;5;234m▄[48;5;236m▄[48;5;106;38;5;106m▄▄▄▄[38;5;187m▄[48;5;107;38;5;16m▄[48;5;16m▄▄▄▄[0m
[48;5;249;38;5;16m▄[48;5;209;38;5;209m▄[48;5;249;38;5;16m▄▄▄▄[48;5;247m▄▄[48;5;245m▄[48;5;243m▄[48;5;242m▄[48;5;239;38;5;237m▄[48;5;238m▄[48;5;237m▄▄▄▄[48;5;236;38;5;236m▄▄▄▄▄[48;5;235;38;5;235m▄▄▄▄▄[48;5;234;38;5;240m▄[48;5;242;38;5;16m▄[48;5;107m▄[48;5;106m▄[48;5;151m▄[48;5;16m▄▄▄▄▄▄▄[0m
[48;5;16;38;5;16m▄[48;5;209;38;5;209m▄[48;5;16;38;5;16m▄▄▄▄▄▄▄▄▄[48;5;238;38;5;238m▄▄[38;5;239m▄[38;5;242m▄[48;5;237;38;5;240m▄[38;5;239m▄[48;5;238;38;5;238m▄▄[48;5;237;38;5;237m▄[48;5;236;38;5;236m▄▄▄[48;5;235;38;5;235m▄▄[38;5;240m▄[48;5;238;38;5;209m▄[48;5;209m▄[48;5;16;38;5;16m▄[48;5;209;38;5;181m▄[38;5;209m▄▄[48;5;16m▄▄[38;5;16m▄▄▄▄▄[0m
[48;5;16;38;5;16m▄[48;5;209;38;5;209m▄[48;5;16;38;5;16m▄▄▄▄▄▄▄▄[48;5;243;38;5;243m▄[48;5;239;38;5;244m▄[48;5;243;38;5;243m▄[48;5;242;38;5;242m▄▄[48;5;240;38;5;240m▄[48;5;239;38;5;239m▄[48;5;238;38;5;238m▄▄[48;5;237;38;5;237m▄[48;5;236;38;5;236m▄▄[38;5;242m▄[48;5;235;38;5;209m▄[48;5;131m▄[48;5;209m▄[38;5;216m▄[38;5;16m▄[48;5;16m▄▄[48;5;174m▄[48;5;209;38;5;217m▄[38;5;209m▄▄[48;5;16m▄[38;5;16m▄▄▄▄[0m
[48;5;16;38;5;16m▄[48;5;209;38;5;209m▄[48;5;16;38;5;16m▄▄▄▄▄▄▄▄▄▄[48;5;245m▄[48;5;239m▄[48;5;240m▄▄[38;5;209m▄▄▄▄[48;5;209m▄[48;5;16m▄[38;5;16m▄▄▄▄[38;5;209m▄[48;5;209m▄▄▄[48;5;16m▄▄[38;5;16m▄[48;5;209m▄[38;5;217m▄[48;5;16;38;5;16m▄▄▄▄[0m
[48;5;16;38;5;16m▄[48;5;209;38;5;209m▄[48;5;16;38;5;16m▄▄▄▄▄▄▄▄▄[38;5;209m▄▄[38;5;16m▄▄[48;5;209;38;5;209m▄▄▄▄▄▄▄▄[48;5;16;38;5;16m▄▄[48;5;209;38;5;209m▄▄▄▄▄▄▄▄[48;5;16;38;5;16m▄▄[38;5;209m▄▄[38;5;16m▄▄[0m
[48;5;16;38;5;16m▄[48;5;209;38;5;209m▄[48;5;16;38;5;16m▄▄▄▄▄▄▄▄[48;5;209;38;5;209m▄▄▄[48;5;16;38;5;16m▄[48;5;224;38;5;209m▄[48;5;209m▄▄▄▄▄▄▄▄[48;5;16;38;5;16m▄▄[48;5;209;38;5;209m▄▄▄▄▄▄▄▄[48;5;16m▄[38;5;16m▄[48;5;209;38;5;209m▄▄[48;5;16m▄[38;5;16m▄[0m
[48;5;16;38;5;16m▄[48;5;209;38;5;209m▄[48;5;181m▄[48;5;16;38;5;16m▄▄▄▄▄▄[38;5;224m▄[48;5;209;38;5;209m▄▄▄[48;5;16;38;5;16m▄[48;5;181m▄[48;5;209;38;5;209m▄▄▄▄▄▄▄[38;5;16m▄[48;5;16m▄▄▄[48;5;209;38;5;209m▄▄▄▄▄▄▄[48;5;16;38;5;16m▄▄[48;5;209;38;5;209m▄▄▄[48;5;16;38;5;16m▄[0m
[48;5;16;38;5;16m▄[48;5;209;38;5;209m▄▄[48;5;16;38;5;16m▄▄▄▄▄▄▄[48;5;209;38;5;209m▄▄[38;5;16m▄[48;5;16m▄▄[48;5;252m▄[48;5;209m▄[38;5;181m▄[38;5;209m▄[38;5;16m▄▄[48;5;16m▄[38;5;209m▄▄▄▄▄[48;5;209;38;5;16m▄▄▄▄▄[48;5;16m▄▄▄[48;5;209m▄[38;5;209m▄[38;5;16m▄[48;5;16m▄[0m
[48;5;16;38;5;16m▄▄[48;5;209;38;5;209m▄[48;5;16;38;5;16m▄▄▄▄▄▄▄▄[48;5;209m▄[48;5;16;38;5;209m▄▄▄[38;5;16m▄▄▄▄▄[48;5;216;38;5;209m▄[48;5;209m▄▄▄▄▄▄▄[48;5;16;38;5;16m▄▄▄▄[38;5;209m▄[48;5;209m▄▄[48;5;16m▄[48;5;209;38;5;16m▄[48;5;16m▄▄[0m
[48;5;16;38;5;16m▄▄▄▄▄▄▄▄▄▄▄▄[48;5;209;38;5;209m▄▄▄▄▄[48;5;16;38;5;224m▄[38;5;16m▄▄[48;5;209;38;5;209m▄▄▄▄▄▄▄▄▄[48;5;16;38;5;16m▄[38;5;209m▄[48;5;209m▄▄▄▄▄[48;5;16;38;5;16m▄▄▄[0m
[48;5;16;38;5;16m▄▄▄▄▄▄▄▄▄▄▄▄[48;5;209;38;5;216m▄[38;5;209m▄▄▄▄▄[48;5;16;38;5;181m▄[38;5;16m▄[48;5;209;38;5;224m▄[38;5;209m▄▄▄▄▄▄▄[48;5;16;38;5;16m▄[38;5;209m▄[48;5;209m▄▄▄▄▄▄[48;5;16;38;5;16m▄▄▄[0m
[48;5;16;38;5;16m▄▄▄▄▄▄▄▄▄▄▄▄▄[48;5;209m▄[38;5;209m▄▄▄▄▄[48;5;16;38;5;16m▄▄▄[48;5;209m▄▄▄▄[48;5;182m▄[48;5;16m▄▄[48;5;209;38;5;209m▄▄▄▄▄[38;5;16m▄[48;5;16m▄▄▄▄[0m
[48;5;16;38;5;16m▄▄▄▄▄▄▄▄▄▄▄▄▄▄▄▄[48;5;209m▄▄[48;5;16m▄▄[38;5;209m▄▄▄[48;5;175m▄[48;5;216m▄[48;5;16m▄▄▄[38;5;16m▄▄[48;5;209m▄[48;5;174m▄[48;5;16m▄▄▄▄▄▄▄[0m
[48;5;16;38;5;16m▄▄▄▄▄▄▄▄▄▄▄▄▄▄▄▄▄▄▄▄[48;5;209m▄[38;5;209m▄▄▄▄▄▄[38;5;16m▄[48;5;16m▄▄▄▄▄▄▄▄▄▄▄[0m
